-5,25.275,-5,25.409
-4.75,23.021,-4.75,22.997
-4.5,20.393,-4.5,20.292
-4.25,18.441,-4.25,18.262
-4,16.377,-4,16.13
-3.75,14.253,-3.75,14.463
-3.5,12.534,-3.5,12.466
-3.25,10.6,-3.25,11.018
-3,9.027,-3,9.0909
-2.75,7.8279,-2.75,7.6944
-2.5,6.6396,-2.5,6.3228
-2.25,5.5295,-2.25,5.1305
-2,4.065,-2,4.4346
-1.75,3.3469,-1.75,3.3524
-1.5,2.4847,-1.5,2.5249
-1.25,1.5685,-1.25,1.635
-1,1.1686,-1,1.4265
-0.75,0.64359,-0.75,0.87353
-0.5,0.64714,-0.5,0.42548
-0.25,0.21811,-0.25,0.31912
0,0.26427,0,0.2009
0.25,0.14532,0.25,0.10048
0.5,0.55099,0.5,0.36996
0.75,0.69399,0.75,0.62416
1,1.327,1,1.092
1.25,1.9071,1.25,1.6825
1.5,2.6241,1.5,2.4586
1.75,3.2878,1.75,3.0873
2,3.0419,2,5.4514
2.25,2.9895,2.25,5.5974
2.5,3.2067,2.5,5.4954
2.75,2.7012,2.75,5.6196
3,2.9129,3,5.6689
3.25,2.6442,3.25,6.075
3.5,2.7481,3.5,5.9346
3.75,2.1641,3.75,5.9306
4,2.2213,4,6.3901
4.25,1.9283,4.25,6.3199
4.5,2.2309,4.5,6.3708
4.75,1.6273,4.75,6.577
5,1.8875,5,6.5482
